% -------------------------------------------------------------------
%  Generated by MATLAB on 28-Jun-2019 20:39:00
%  MATLAB version: 9.6.0.1099231 (R2019a) Update 1
% -------------------------------------------------------------------
                                    

A = ...
  [-2.011 1 0 0 0 0 0 0 0;
   1 -2.012 1 0 0 0 0 0 0;
   0 1 -2.013 1 0 0 0 0 0;
   0 0 1 -2.014 1 0 0 0 0;
   0 0 0 1 -2.015 1 0 0 0;
   0 0 0 0 1 -2.016 1 0 0;
   0 0 0 0 0 1 -2.017 1 0;
   0 0 0 0 0 0 1 -2.018 1;
   0 0 0 0 0 0 0 1 -2.019];

X = ...
  [4 3 0 24;
   3 4 -1 30;
   0 -1 4 -24];

ans = ...
  [1 0 0 3;
   0 1 0 4;
   0 0 1 -5];

b = [-0.994974; 0.0015740700000000001; -0.00089667700000000013; -0.0027113700000000003; ...
     -0.00407407; -0.00511719; -0.00592917; -0.00657065; -0.507084];

bop = [0.909486770853591; 0.83397104496493268; 0.76999447854516445; 0.71508408802057211; ...
       0.66742694767097788; 0.62566549399547977; 0.58876416711909774; 0.555919865550609; ...
       0.52650018105527929];

top = 49;



